+1.00070038E-0 
 +2.15128259E+02
+1.00073241E-0 +1.83390058E-03 +2.15157236E+02
+1.00071800E-0 
 +2.15173487E+02
+1.00069459E-0 +1.83423488E-03 +2.15181621E+02
+1.00070648E-0 
 +2.15192076E+02
+1.00069377E-0 +1.83466822E-03 +2.15202756E+02
+1.00069304E-0 
 +2.15195286E+02
+1.00064778E-0 +1.83461974E-03 +2.15173287E+02
+1.00067575E-0 
 +2.15139034E+02
+1.00068116E-0 +1.83437888E-03 +2.15076589E+02
+1.00069039E-0 
 +2.14994230E+02
+1.00070883E-0 +1.83353607E-03 +2.14876831E+02
+1.00064749E-0 
 +2.14759813E+02
+1.00062827E-0 +1.83213888E-03 +2.14579184E+02
+1.00065854E-0 
 +2.14409993E+02
+1.00072993E-0 +1.83177981E-03 +2.14178883E+02
+1.00062253E-0 
 +2.13973676E+02
+1.00062081E-0 +1.83143208E-03 +2.13698587E+02
+1.00068413E-0 
 +2.13443260E+02
+1.00067284E-0 +1.83203784E-03 +2.13129162E+02
+1.00076108E-0 
 +2.12845865E+02
+1.00068507E-0 +1.83030690E-03 +2.12497373E+02
+1.00067243E-0 
 +2.12190000E+02
+1.00068994E-0 +1.82957157E-03 +2.11809112E+02
+1.00062021E-0 
 +2.11488829E+02
+1.00069795E-0 +1.82836453E-03 +2.11094399E+02
+1.00064729E-0 
 +2.10774496E+02
+1.00073483E-0 +1.82808158E-03 +2.10371042E+02
+1.00070231E-0 
 +2.10026083E+02
+1.00068949E-0 +1.82640456E-03 +2.09620600E+02
+1.00064867E-0 
 +2.09269794E+02
+1.00067226E-0 +1.82595314E-03 +2.08875090E+02
+1.00070664E-0 
 +2.08539905E+02
+1.00066973E-0 +1.82372857E-03 +2.08144091E+02
+1.00065115E-0 
 +2.07829993E+02
+1.00061855E-0 +1.82260915E-03 +2.07442578E+02
+1.00060356E-0 
 +2.07159334E+02
+1.00057482E-0 +1.82282107E-03 +2.06809841E+02
+1.00055741E-0 
 +2.06529462E+02
+1.00051898E-0 +1.82139033E-03 +2.06203266E+02
+1.00055554E-0 
 +2.05956719E+02
+1.00056566E-0 +1.82015526E-03 +2.05674321E+02
+1.00053938E-0 
 +2.05464260E+02
+1.00052565E-0 +1.81965653E-03 +2.05205459E+02
+1.00060738E-0 
 +2.05017442E+02
+1.00053859E-0 +1.81948441E-03 +2.04794500E+02
+1.00060177E-0 
 +2.04622602E+02
+1.00063509E-0 +1.81736113E-03 +2.04427514E+02
+1.00067939E-0 
 +2.04286636E+02
+1.00060158E-0 +1.81627122E-03 +2.04116749E+02
+1.00059311E-0 
 +2.03980475E+02
+1.00072842E-0 +1.81526599E-03 +2.03832559E+02
+1.00065627E-0 
 +2.03710052E+02
+1.00062266E-0 +1.81380449E-03 +2.03585272E+02
+1.00064087E-0 
 +2.03479265E+02
+1.00059378E-0 +1.81238586E-03 +2.03364869E+02
+1.00057235E-0 
 +2.03268283E+02
+1.00055641E-0 +1.81190851E-03 +2.03151779E+02
+1.00058604E-0 
 +2.03068660E+02
+1.00056697E-0 +1.81241440E-03 +2.02963460E+02
+1.00061079E-0 
 +2.02880569E+02
+1.00057330E-0 +1.81103936E-03 +2.02775893E+02
+1.00061527E-0 
 +2.02703877E+02
+1.00058488E-0 +1.80993788E-03 +2.02613459E+02
+1.00057227E-0 
 +2.02549245E+02
+1.00066593E-0 +1.80930382E-03 +2.02452177E+02
+1.00061629E-0 
 +2.02397051E+02
+1.00064192E-0 +1.80889963E-03 +2.02318783E+02
+1.00063243E-0 
 +2.02262176E+02
+1.00059953E-0 +1.80775263E-03 +2.02183079E+02
+1.00061767E-0 
 +2.02132353E+02
+1.00061102E-0 +1.80757459E-03 +2.02062648E+02
+1.00061401E-0 
 +2.02011822E+02
+1.00059517E-0 +1.80757648E-03 +2.01942694E+02
+1.00061195E-0 
 +2.01896369E+02
+1.00057586E-0 +1.80635378E-03 +2.01846796E+02
+1.00057093E-0 
 +2.01796351E+02
+1.00060849E-0 +1.80598289E-03 +2.01740440E+02
+1.00062100E-0 
 +2.01698901E+02
+1.00059563E-0 +1.80559097E-03 +2.01650630E+02
+1.00062752E-0 
 +2.01626938E+02
+1.00056559E-0 +1.80520176E-03 +2.01575998E+02
+1.00057058E-0 
 +2.01541995E+02
+1.00063094E-0 +1.80485079E-03 +2.01509354E+02
+1.00057414E-0 
 +2.01465705E+02
+1.00055885E-0 +1.80467447E-03 +2.01432926E+02
+1.00054077E-0 
 +2.01405196E+02
+1.00057543E-0 +1.80347454E-03 +2.01375315E+02
+1.00057824E-0 
 +2.01353028E+02
+1.00057565E-0 +1.80401509E-03 +2.01322685E+02
+1.00059191E-0 
 +2.01306949E+02
+1.00052255E-0 +1.80383354E-03 +2.01290541E+02
+1.00050126E-0 
 +2.01271586E+02
+1.00052151E-0 +1.80325019E-03 +2.01257991E+02
+1.00058085E-0 
 +2.01245034E+02
+1.00059973E-0 +1.80386453E-03 +2.01227915E+02
+1.00059940E-0 
 +2.01215400E+02
+1.00057949E-0 +1.80355971E-03 +2.01198907E+02
+1.00060504E-0 
 +2.01198166E+02
+1.00061017E-0 +1.80333043E-03 +2.01196698E+02
+1.00060023E-0 
 +2.01169114E+02
+1.00067300E-0 +1.80252327E-03 +2.01183616E+02
+1.00063733E-0 
 +2.01171065E+02
+1.00071460E-0 +1.80269769E-03 +2.01178392E+02
+1.00066147E-0 
 +2.01175308E+02
+1.00058913E-0 +1.80238244E-03 +2.01177772E+02
+1.00058452E-0 
 +2.01172656E+02
+1.00059164E-0 +1.80270979E-03 +2.01171496E+02
+1.00055882E-0 
 +2.01191675E+02
+1.00060104E-0 +1.80230508E-03 +2.01196321E+02
+1.00059717E-0 
 +2.01191635E+02
+1.00067567E-0 +1.80234160E-03 +2.01201096E+02
+1.00061549E-0 
 +2.01207436E+02
+1.00066770E-0 +1.80216979E-03 +2.01217516E+02
+1.00064839E-0 
 +2.01235097E+02
+1.00066936E-0 +1.80205758E-03 +2.01237974E+02
+1.00067668E-0 
 +2.01247945E+02
+1.00066668E-0 +1.80289371E-03 +2.01261061E+02
+1.00064487E-0 
 +2.01268575E+02
+1.00063116E-0 +1.80159114E-03 +2.01278321E+02
+1.00060870E-0 
 +2.01302064E+02
+1.00062868E-0 +1.80228508E-03 +2.01324563E+02
+1.00064774E-0 
 +2.01327118E+02
+1.00066622E-0 +1.80210561E-03 +2.01344284E+02
+1.00063238E-0 
 +2.01364375E+02
+1.00066949E-0 +1.80194200E-03 +2.01378972E+02
+1.00063221E-0 
 +2.01396637E+02
+1.00062917E-0 +1.80173687E-03 +2.01425188E+02
+1.00059385E-0 
 +2.01446919E+02
+1.00065866E-0 +1.80193516E-03 +2.01459263E+02
+1.00057924E-0 
 +2.01474416E+02
+1.00060631E-0 +1.80153633E-03 +2.01509141E+02
+1.00057434E-0 
 +2.01529125E+02
+1.00061857E-0 +1.80153882E-03 +2.01555385E+02
+1.00060047E-0 
 +2.01571380E+02
+1.00058086E-0 +1.80193110E-03 +2.01604017E+02
+1.00065454E-0 
 +2.01611358E+02
+1.00064893E-0 +1.80287467E-03 +2.01637769E+02
+1.00060257E-0 
 +2.01667305E+02
+1.00059285E-0 +1.80259167E-03 +2.01697958E+02
+1.00064816E-0 
 +2.01711868E+02
+1.00060520E-0 +1.80180646E-03 +2.01736050E+02
+1.00057290E-0 
 +2.01756894E+02
+1.00063356E-0 +1.80240025E-03 +2.01793380E+02
+1.00062076E-0 
 +2.01809137E+02
+1.00062431E-0 +1.80226488E-03 +2.01840367E+02
+1.00062365E-0 
 +2.01855538E+02
+1.00059343E-0 +1.80179467E-03 +2.01890680E+02
+1.00060547E-0 
 +2.01918571E+02
+1.00065082E-0 +1.80192040E-03 +2.01950324E+02
+1.00058039E-0 
 +2.01974528E+02
+1.00062752E-0 +1.80256367E-03 +2.02003015E+02
+1.00061065E-0 
 +2.02028810E+02
+1.00060385E-0 +1.80322481E-03 +2.02052782E+02
+1.00058261E-0 
 +2.02080563E+02
+1.00059577E-0 +1.80200323E-03 +2.02116765E+02
+1.00063251E-0 
 +2.02145179E+02
+1.00057877E-0 +1.80272185E-03 +2.02170063E+02
+1.00060031E-0 
 +2.02197712E+02
+1.00057504E-0 +1.80289673E-03 +2.02231219E+02
+1.00059542E-0 
 +2.02253688E+02
+1.00062867E-0 +1.80209024E-03 +2.02282126E+02
+1.00067971E-0 
 +2.02312652E+02
+1.00067365E-0 +1.80199532E-03 +2.02341078E+02
+1.00069178E-0 
 +2.02380765E+02
+1.00069238E-0 +1.80297493E-03 +2.02410543E+02
+1.00068032E-0 
 +2.02440761E+02
+1.00067006E-0 +1.80325376E-03 +2.02465352E+02
+1.00061547E-0 
 +2.02498475E+02
+1.00061688E-0 +1.80371441E-03 +2.02519619E+02
+1.00068035E-0 
 +2.02548768E+02
+1.00063053E-0 +1.80328873E-03 +2.02594027E+02
+1.00066906E-0 
 +2.02623960E+02
+1.00071206E-0 +1.80339531E-03 +2.02651447E+02
+1.00067703E-0 
 +2.02671377E+02
+1.00067012E-0 +1.80334683E-03 +2.02703220E+02
+1.00072335E-0 
 +2.02729409E+02
+1.00068329E-0 +1.80420743E-03 +2.02767448E+02
+1.00071730E-0 
 +2.02789559E+02
+1.00069259E-0 +1.80314099E-03 +2.02821866E+02
+1.00067067E-0 
 +2.02854130E+02
+1.00066161E-0 +1.80373373E-03 +2.02883110E+02
+1.00067915E-0 
 +2.02914723E+02
+1.00066507E-0 +1.80396890E-03 +2.02941456E+02
+1.00071296E-0 
 +2.02964748E+02
+1.00064263E-0 +1.80393925E-03 +2.02999632E+02
+1.00070656E-0 
 +2.03031949E+02
+1.00067954E-0 +1.80495943E-03 +2.03059596E+02
+1.00064273E-0 
 +2.03087066E+02
+1.00066752E-0 +1.80377725E-03 +2.03114766E+02
+1.00069583E-0 
 +2.03143832E+02
+1.00065950E-0 +1.80356247E-03 +2.03174178E+02
+1.00067592E-0 
 +2.03198086E+02
+1.00067937E-0 +1.80427439E-03 +2.03222065E+02
+1.00066954E-0 
 +2.03250245E+02
+1.00063014E-0 +1.80398548E-03 +2.03279732E+02
+1.00059315E-0 
 +2.03297793E+02
+1.00065068E-0 +1.80411838E-03 +2.03327051E+02
+1.00061390E-0 
 +2.03348928E+02
+1.00067449E-0 +1.80517198E-03 +2.03386127E+02
+1.00071554E-0 
 +2.03405080E+02
+1.00063432E-0 +1.80463066E-03 +2.03422062E+02
+1.00060286E-0 
 +2.03425546E+02
+1.00062713E-0 +1.80513215E-03 +2.03395645E+02
+1.00060502E-0 
 +2.03365516E+02
+1.00061239E-0 +1.80392303E-03 +2.03285721E+02
+1.00067376E-0 
 +2.03185706E+02
+1.00064813E-0 +1.80185373E-03 +2.03033005E+02
+1.00062022E-0 
 +2.02868842E+02
+1.00066703E-0 +1.80086466E-03 +2.02631628E+02
+1.00060744E-0 
 +2.02374899E+02
+1.00061708E-0 +1.79905036E-03 +2.02015404E+02
+1.00061286E-0 
 +2.01653840E+02
+1.00066476E-0 +1.79727823E-03 +2.01177000E+02
+1.00059861E-0 
 +2.00718020E+02
+1.00063949E-0 +1.79370147E-03 +2.00127556E+02
+1.00066336E-0 
 +1.99597522E+02
+1.00064880E-0 +1.79138605E-03 +1.98922343E+02
+1.00058772E-0 
 +1.98351693E+02
+1.00065035E-0 +1.78805538E-03 +1.97602360E+02
+1.00065707E-0 
 +1.96951058E+02
+1.00067064E-0 +1.78578357E-03 +1.96147786E+02
+1.00071947E-0 
 +1.95471691E+02
+1.00064992E-0 +1.78233950E-03 +1.94627197E+02
+1.00064120E-0 
 +1.93896928E+02
+1.00065562E-0 +1.77940267E-03 +1.93013551E+02
+1.00063787E-0 
 +1.92242114E+02
+1.00065932E-0 +1.77563124E-03 +1.91302100E+02
+1.00061819E-0 
 +1.90512386E+02
+1.00068553E-0 +1.77227371E-03 +1.89532490E+02
+1.00063591E-0 
 +1.88688891E+02
+1.00067729E-0 +1.76814351E-03 +1.87673272E+02
+1.00065893E-0 
 +1.86749244E+02
+1.00068477E-0 +1.75811369E-03 +1.81585212E+02
+1.00070502E-0 
 +1.80259094E+02
+1.00068269E-0 +1.75407891E-03 +1.78525490E+02
+1.00066249E-0 
 +1.77043840E+02
+1.00074526E-0 +1.74855943E-03 +1.75331594E+02
+1.00075095E-0 
 +1.73979636E+02
+1.00067814E-0 +1.74210841E-03 +1.72446141E+02
+1.00072789E-0 
 +1.71255851E+02
+1.00069879E-0 +1.73645831E-03 +1.69933357E+02
+1.00068421E-0 
 +1.68904466E+02
+1.00069234E-0 +1.72988483E-03 +1.67747537E+02
+1.00073860E-0 
 +1.66836489E+02
+1.00070118E-0 +1.72381922E-03 +1.65811491E+02
+1.00068996E-0 
 +1.64990761E+02
+1.00068208E-0 +1.71718171E-03 +1.64079567E+02
+1.00073755E-0 
 +1.63339876E+02
+1.00077487E-0 +1.71090239E-03 +1.62477587E+02
+1.00066269E-0 
 +1.61773410E+02
+1.00068185E-0 +1.70454875E-03 +1.60956099E+02
+1.00063990E-0 
 +1.60299819E+02
+1.00070920E-0 +1.69824571E-03 +1.59551229E+02
+1.00066797E-0 
 +1.58917087E+02
+1.00066334E-0 +1.69042554E-03 +1.58198002E+02
+1.00063758E-0 
 +1.57623611E+02
+1.00063316E-0 +1.68353363E-03 +1.56938435E+02
+1.00061382E-0 
 +1.56397858E+02
+1.00071127E-0 +1.67584125E-03 +1.55747222E+02
+1.00061779E-0 
 +1.55215707E+02
+1.00067267E-0 +1.66813772E-03 +1.54575117E+02
+1.00062732E-0 
 +1.54035852E+02
+1.00070867E-0 +1.66015613E-03 +1.53428487E+02
+1.00069105E-0 
 +1.52890719E+02
+1.00066967E-0 +1.65105076E-03 +1.52235952E+02
+1.00067149E-0 
 +1.51705916E+02
+1.00063277E-0 +1.64328630E-03 +1.51069229E+02
+1.00069452E-0 
 +1.50550717E+02
+1.00066080E-0 +1.63299646E-03 +1.49947957E+02
+1.00059808E-0 
 +1.49434347E+02
+1.00062763E-0 +1.62491814E-03 +1.48827749E+02
+1.00069012E-0 
 +1.48313033E+02
+1.00069784E-0 +1.61341985E-03 +1.47731630E+02
+1.00067716E-0 
 +1.47235386E+02
+1.00067449E-0 +1.60175626E-03 +1.46663944E+02
+1.00066012E-0 
 +1.46184642E+02
+1.00064927E-0 +1.59050955E-03 +1.45598323E+02
+1.00060257E-0 
 +1.45120615E+02
+1.00061357E-0 +1.57531531E-03 +1.44546068E+02
+1.00066061E-0 
 +1.44065703E+02
+1.00063189E-0 +1.56084243E-03 +1.43496101E+02
+1.00059874E-0 
 +1.43014122E+02
+1.00060111E-0 +1.54268272E-03 +1.42396389E+02
+1.00063364E-0 
 +1.41889803E+02
+1.00062103E-0 +1.51859101E-03 +1.41272984E+02
+1.00066098E-0 
 +1.40755162E+02
+1.00060374E-0 +1.48987882E-03 +1.40158685E+02
+1.00066310E-0 
 +1.39665817E+02
+1.00066330E-0 +1.45848687E-03 +1.39084050E+02
+1.00068067E-0 
 +1.38619174E+02
+1.00063199E-0 +1.42954539E-03 +1.38071273E+02
+1.00066778E-0 
 +1.37643354E+02
+1.00069977E-0 +1.40697570E-03 +1.37154574E+02
+1.00064635E-0 
 +1.36768492E+02
+1.00065182E-0 +1.39522761E-03 +1.36355576E+02
+1.00062398E-0 
 +1.36029993E+02
+1.00068369E-0 +1.40570054E-03 +1.35672755E+02
+1.00074281E-0 
 +1.35433550E+02
+1.00064720E-0 +1.42265994E-03 +1.35153683E+02
+1.00064999E-0 
 +1.34948922E+02
+1.00063504E-0 +1.42626863E-03 +1.34747602E+02
+1.00068685E-0 
 +1.34612967E+02
+1.00070162E-0 +1.42687841E-03 +1.34485541E+02
+1.00070629E-0 
 +1.34406104E+02
+1.00069464E-0 +1.42558742E-03 +1.34340650E+02
+1.00068672E-0 
 +1.34288950E+02
+1.00068682E-0 +1.42501039E-03 +1.34289288E+02
+1.00071560E-0 
 +1.34290137E+02
+1.00068518E-0 +1.42621562E-03 +1.34321737E+02
+1.00067331E-0 
 +1.34366337E+02
+1.00069968E-0 +1.42722502E-03 +1.34445547E+02
+1.00068690E-0 
 +1.34539563E+02
+1.00067369E-0 +1.42848848E-03 +1.34648277E+02
+1.00068884E-0 
 +1.34748141E+02
+1.00069010E-0 +1.43337338E-03 +1.35443304E+02
+1.00068880E-0 
 +1.35589151E+02
+1.00063968E-0 +1.43577574E-03 +1.35794397E+02
+1.00065348E-0 
 +1.35970943E+02
+1.00066425E-0 +1.43749773E-03 +1.36196683E+02
+1.00069429E-0 
 +1.36383220E+02
+1.00070591E-0 +1.43891879E-03 +1.36618868E+02
+1.00061110E-0 
 +1.36817444E+02
+1.00063029E-0 +1.44155008E-03 +1.37064480E+02
+1.00060620E-0 
 +1.37289680E+02
+1.00068244E-0 +1.44419044E-03 +1.37529841E+02
+1.00065268E-0 
 +1.37738092E+02
+1.00063675E-0 +1.44776658E-03 +1.37981601E+02
+1.00075878E-0 
 +1.38185486E+02
+1.00073219E-0 +1.44931709E-03 +1.38440854E+02
+1.00062263E-0 
 +1.38647275E+02
+1.00065114E-0 +1.45190593E-03 +1.38906095E+02
+1.00057431E-0 
 +1.39113684E+02
+1.00062283E-0 +1.45442273E-03 +1.39378318E+02
+1.00057120E-0 
 +1.39574687E+02
+1.00056208E-0 +1.45727322E-03 +1.39834866E+02
+1.00060637E-0 
 +1.40047280E+02
+1.00057033E-0 +1.45946695E-03 +1.40291183E+02
+1.00060002E-0 
 +1.40494547E+02
+1.00056569E-0 +1.46361250E-03 +1.40737321E+02
+1.00061646E-0 
 +1.40960170E+02
+1.00064326E-0 +1.46568519E-03 +1.41209102E+02
+1.00065741E-0 
 +1.41405176E+02
+1.00064937E-0 +1.46807651E-03 +1.41600086E+02
+1.00066125E-0 
 +1.41616609E+02
+1.00062843E-0 +1.46679680E-03 +1.41412774E+02
+1.00062914E-0 
 +1.41135779E+02
+1.00062233E-0 +1.08561718E-03 +1.40708325E+02
+1.00065172E-0 
 +1.40206207E+02
+1.00061622E-0 +5.05575205E-04 +1.39453250E+02
+1.00060781E-0 
 +1.38753073E+02
+1.00058315E-0 +2.13315833E-04 +1.37847731E+02
+1.00062581E-0 
 +1.37018989E+02
+1.00056181E-0 +1.20899831E-04 +1.35950503E+02
+1.00061046E-0 
 +1.35000077E+02
+1.00058462E-0 +5.24903632E-05 +1.33803554E+02
+1.00056291E-0 
 +1.32746752E+02
+1.00054032E-0 +1.33170520E-05 +1.31427109E+02
+1.00054073E-0 
 +1.30298515E+02
+1.00059445E-0 -7.45871745E-06 +1.28904024E+02
+1.00065044E-0 
 +1.27674827E+02
+1.00057921E-0 -1.52356803E-05 +1.26158911E+02
+1.00060635E-0 
 +1.24881802E+02
+1.00057435E-0 -1.83464623E-05 +1.23354017E+02
+1.00063203E-0 
 +1.22060443E+02
+1.00067664E-0 -1.30388982E-05 +1.20529739E+02
+1.00062772E-0 
 +1.19290958E+02
+1.00061688E-0 -9.13707460E-06 +1.17839964E+02
+1.00057682E-0 
 +1.16705370E+02
+1.00054136E-0 -4.90381598E-06 +1.15435663E+02
+1.00057990E-0 
 +1.14457009E+02
+1.00058554E-0 -2.95831505E-06 +1.13359639E+02
+1.00054053E-0 
 +1.12468609E+02
+1.00064185E-0 +6.70048017E-08 +1.11425194E+02
+1.00059601E-0 
 +1.10591374E+02
+1.00057660E-0 +6.17437639E-07 +1.09690039E+02
+1.00057078E-0 
 +1.08984499E+02
+1.00065189E-0 +8.74067637E-07 +1.08202767E+02
+1.00058811E-0 
 +1.07588456E+02
+1.00058350E-0 +2.07135180E-06 +1.06903187E+02
+1.00058788E-0 
 +1.06367149E+02
+1.00062819E-0 +2.24775463E-06 +1.05726173E+02
+1.00060405E-0 
 +1.05204295E+02
+1.00055740E-0 +2.14095808E-06 +1.04657473E+02
+1.00057299E-0 
 +1.04221865E+02
+1.00053801E-0 +2.42412138E-06 +1.03775214E+02
+1.00061961E-0 
 +1.03410939E+02
+1.00059327E-0 +2.32246643E-06 +1.03026005E+02
+1.00057087E-0 
 +1.02706020E+02
+1.00057903E-0 +9.06121704E-07 +1.02350930E+02
+1.00060473E-0 
 +1.02067320E+02
+1.00057925E-0 +1.49953390E-06 +1.01739036E+02
+1.00054303E-0 
 +1.01464303E+02
+1.00057203E-0 +1.69720248E-06 +1.01162290E+02
+1.00055146E-0 
 +1.00888703E+02
+1.00054369E-0 +9.70245404E-07 +1.00608868E+02
+1.00052611E-0 
 +1.00407560E+02
+1.00052663E-0 +9.16856066E-07 +1.00217866E+02
+1.00061200E-0 
 +1.00064885E+02
+1.00056074E-0 +1.55823952E-06 +9.99563309E+01
+1.00058794E-0 
 +9.98855593E+01
+1.00057102E-0 +8.15305871E-07 +9.98116833E+01
+1.00061009E-0 
 +9.97351141E+01
+1.00058451E-0 +1.01306289E-06 +9.96752752E+01
+1.00057335E-0 
 +9.95930200E+01
+1.00058390E-0 +1.68650191E-06 +9.94756027E+01
+1.00062628E-0 
 +9.93412667E+01
+1.00066497E-0 +1.09858247E-06 +9.90987271E+01
+1.00054848E-0 
 +9.88907732E+01
+1.00059004E-0 +7.19024383E-07 +9.86110082E+01
+1.00052067E-0 
 +9.83518593E+01
+1.00052566E-0 +9.59605410E-07 +9.80483355E+01
+1.00057967E-0 
 +9.78123420E+01
+1.00055829E-0 +4.62459113E-07 +9.75059475E+01
+1.00052560E-0 
 +9.72908832E+01
+1.00058671E-0 +5.90824008E-07 +9.70187206E+01
+1.00054469E-0 
 +9.68169894E+01
+1.00052445E-0 +1.31154686E-07 +9.65652702E+01
+1.00052913E-0 
 +9.63785253E+01
+1.00053495E-0 +1.05035623E-06 +9.61587133E+01
+1.00057858E-0 
 +9.59776823E+01
+1.00057454E-0 +3.02161924E-07 +9.57794858E+01
+1.00059830E-0 
 +9.55936609E+01
+1.00057734E-0 +6.16446301E-08 +9.53657675E+01
+1.00063555E-0 
 +9.51724436E+01
+1.00058619E-0 -5.58425044E-07 +9.49558922E+01
+1.00061075E-0 
 +9.47897345E+01
+1.00062371E-0 -8.47001342E-07 +9.45761218E+01
+1.00063740E-0 
 +9.43789606E+01
+1.00059636E-0 +6.12191418E-07 +9.41810005E+01
+1.00061718E-0 
 +9.40368830E+01
+1.00054830E-0 -3.01777666E-07 +9.38386881E+01
+1.00062038E-0 
 +9.36758175E+01
+1.00064914E-0 -3.17826745E-07 +9.34851226E+01
+1.00069123E-0 
 +9.33252500E+01
+1.00063909E-0 -6.33196603E-07 +9.30971019E+01
+1.00070109E-0 
 +9.29191493E+01
+1.00072746E-0 +4.35757305E-07 +9.26879100E+01
+1.00066579E-0 
 +9.25199807E+01
+1.00065932E-0 -6.97391428E-07 +9.22930147E+01
+1.00071443E-0 
 +9.21181443E+01
+1.00066178E-0 +6.81583143E-07 +9.18968303E+01
+1.00064532E-0 
 +9.16989285E+01
+1.00064929E-0 -2.53743884E-07 +9.14640463E+01
+1.00068828E-0 
 +9.12705781E+01
+1.00071009E-0 -6.27887748E-07 +9.10454208E+01
+1.00071954E-0 
 +9.08561193E+01
+1.00071181E-0 -3.12555106E-07 +9.06314361E+01
+1.00072555E-0 
 +9.04437902E+01
+1.00067832E-0 -4.40800209E-07 +9.02292043E+01
+1.00061435E-0 
 +9.00520562E+01
+1.00063895E-0 -4.99650773E-07 +8.98338052E+01
+1.00069989E-0 
 +8.96732883E+01
+1.00073101E-0 -6.27930026E-07 +8.94566177E+01
+1.00066359E-0 
 +8.92965147E+01
+1.00073541E-0 -5.90411485E-07 +8.90939307E+01
+1.00065115E-0 
 +8.89043261E+01
+1.00066689E-0 +8.16952849E-09 +8.87105544E+01
+1.00064753E-0 
 +8.85388547E+01
+1.00063375E-0 -2.96494233E-07 +8.83377523E+01
