+1.00054846E-0 
 +8.32920763E+01
+1.00058331E-0 +5.05230239E-07 +8.33532955E+01
+1.00057111E-0 
 +8.33863254E+01
+1.00052682E-0 +3.82320582E-07 +8.34320661E+01
+1.00055375E-0 
 +8.34697307E+01
+1.00058630E-0 +9.86293195E-07 +8.35132276E+01
+1.00060247E-0 
 +8.35604017E+01
+1.00059577E-0 +9.59596502E-07 +8.36069451E+01
+1.00061473E-0 
 +8.36663206E+01
+1.00056507E-0 +6.65685845E-07 +8.37417115E+01
+1.00057684E-0 
 +8.37767714E+01
+1.00058167E-0 -3.98809807E-08 +8.38596671E+01
+1.00065518E-0 
 +8.39046264E+01
+1.00058462E-0 +1.57880618E-07 +8.39811490E+01
+1.00062234E-0 
 +8.40364434E+01
+1.00059711E-0 +5.10644199E-07 +8.41338598E+01
+1.00060406E-0 
 +8.41954800E+01
+1.00056128E-0 -7.93560489E-07 +8.42910043E+01
+1.00055367E-0 
 +8.43574161E+01
+1.00062308E-0 -3.49886981E-07 +8.44564882E+01
+1.00061206E-0 
 +8.45356528E+01
+1.00061131E-0 +5.74734890E-07 +8.46317385E+01
+1.00056390E-0 
 +8.47111317E+01
+1.00058685E-0 +9.86272250E-07 +8.48277004E+01
+1.00060372E-0 
 +8.49054482E+01
+1.00058576E-0 +4.14368026E-07 +8.49919900E+01
+1.00060408E-0 
 +8.50819187E+01
+1.00057041E-0 -2.85855643E-07 +8.51930659E+01
+1.00058549E-0 
 +8.52892536E+01
+1.00056901E-0 +3.76895654E-07 +8.54012593E+01
+1.00057791E-0 
 +8.54866727E+01
+1.00058937E-0 +6.17476878E-07 +8.55911697E+01
+1.00059802E-0 
 +8.56835322E+01
+1.00065966E-0 +9.16805287E-07 +8.58194884E+01
+1.00059470E-0 
 +8.59147235E+01
+1.00057429E-0 +2.41472972E-08 +8.60308460E+01
+1.00059055E-0 
 +8.61545262E+01
+1.00057604E-0 +8.31336761E-07 +8.62643972E+01
+1.00062522E-0 
 +8.63528690E+01
+1.00058853E-0 -1.30802265E-07 +8.65090452E+01
+1.00059390E-0 
 +8.66086683E+01
+1.00058031E-0 +2.59374553E-07 +8.67510403E+01
+1.00056982E-0 
 +8.68664055E+01
+1.00059410E-0 +6.22888024E-07 +8.69942075E+01
+1.00055990E-0 
 +8.70991118E+01
+1.00052917E-0 +3.87681067E-07 +8.72234647E+01
+1.00051876E-0 
 +8.73365213E+01
+1.00051943E-0 +2.64694451E-07 +8.74856197E+01
+1.00048888E-0 
 +8.75913141E+01
+1.00054166E-0 +7.22494670E-08 +8.77257134E+01
+1.00057329E-0 
 +8.78191982E+01
+1.00055101E-0 -3.81989167E-07 +8.79625989E+01
+1.00060237E-0 
 +8.80976050E+01
+1.00061528E-0 -1.62821890E-07 +8.82148990E+01
+1.00062851E-0 
 +8.83109649E+01
+1.00056166E-0 +4.19779292E-07 +8.84644788E+01
+1.00055028E-0 
 +8.85759492E+01
+1.00052110E-0 +2.70152025E-07 +8.86858964E+01
+1.00054842E-0 
 +8.88078265E+01
+1.00057403E-0 -8.27011451E-08 +8.89464071E+01
+1.00057810E-0 
 +8.90568635E+01
+1.00056036E-0 -8.20332628E-07 +8.91801064E+01
+1.00059546E-0 
 +8.93065642E+01
+1.00059549E-0 -7.73204362E-08 +8.94369374E+01
+1.00057408E-0 
 +8.95294348E+01
+1.00063772E-0 -1.23187095E-06 +8.96741242E+01
+1.00055517E-0 
 +8.97596882E+01
+1.00063920E-0 +7.67111475E-07 +8.99136105E+01
+1.00058611E-0 
 +9.00202055E+01
+1.00058401E-0 -7.40126865E-07 +9.01371170E+01
+1.00056380E-0 
 +9.02417579E+01
+1.00055588E-0 +9.37261494E-08 +9.03591694E+01
+1.00062536E-0 
 +9.04562632E+01
+1.00061586E-0 -5.31681208E-07 +9.05812661E+01
+1.00057752E-0 
 +9.06823701E+01
+1.00052202E-0 -4.94250292E-07 +9.07851127E+01
+1.00059718E-0 
 +9.08857275E+01
+1.00059888E-0 +2.59341066E-07 +9.10212099E+01
+1.00054015E-0 
 +9.11101182E+01
+1.00057445E-0 -8.31070351E-07 +9.12292213E+01
+1.00056357E-0 
 +9.13196898E+01
+1.00062637E-0 -4.78276153E-07 +9.14207560E+01
+1.00062281E-0 
 +9.14984068E+01
+1.00064220E-0 -2.64388773E-07 +9.16076635E+01
+1.00061774E-0 
 +9.17152625E+01
+1.00057832E-0 -3.28577748E-07 +9.18330257E+01
+1.00058998E-0 
 +9.19069595E+01
+1.00056119E-0 -4.88922930E-07 +9.20408700E+01
+1.00059462E-0 
 +9.21068302E+01
+1.00055081E-0 +3.55611212E-07 +9.22128422E+01
+1.00057876E-0 
 +9.23235688E+01
+1.00055789E-0 +2.05955454E-07 +9.24197623E+01
+1.00061795E-0 
 +9.25181946E+01
+1.00061224E-0 -2.46593596E-09 +9.26148868E+01
+1.00062684E-0 
 +9.27005485E+01
+1.00059482E-0 -7.73193100E-08 +9.28104877E+01
+1.00056565E-0 
 +9.29065495E+01
+1.00055739E-0 -4.72870913E-07 +9.30008574E+01
+1.00059228E-0 
 +9.30740007E+01
+1.00060737E-0 -1.94890358E-07 +9.32056391E+01
+1.00062512E-0 
 +9.32777624E+01
+1.00055255E-0 +4.99971740E-07 +9.33678840E+01
+1.00053524E-0 
 +9.34321838E+01
+1.00052525E-0 -8.09651466E-07 +9.35266479E+01
+1.00054034E-0 
 +9.36160599E+01
+1.00050434E-0 -6.70581637E-07 +9.37063506E+01
+1.00047695E-0 
 +9.37780460E+01
+1.00054336E-0 -1.73590648E-07 +9.38897269E+01
+1.00054358E-0 
 +9.39563184E+01
+1.00053254E-0 -2.37749291E-07 +9.40404786E+01
+1.00057078E-0 
 +9.41184429E+01
+1.00053035E-0 -3.01752552E-07 +9.42246357E+01
+1.00056002E-0 
 +9.42828865E+01
+1.00054224E-0 -1.57391872E-06 +9.43748773E+01
+1.00059251E-0 
 +9.44518997E+01
+1.00052020E-0 -6.75993306E-07 +9.45373290E+01
+1.00053092E-0 
 +9.46172904E+01
+1.00051155E-0 -3.33948949E-07 +9.47175436E+01
+1.00049816E-0 
 +9.47862637E+01
+1.00054939E-0 -2.80479465E-07 +9.51587679E+01
+1.00058215E-0 
 +9.52468484E+01
+1.00054333E-0 -6.01140025E-07 +9.53386614E+01
+1.00054064E-0 
 +9.54457073E+01
+1.00054102E-0 -9.37893374E-07 +9.55180836E+01
+1.00058649E-0 
 +9.55952068E+01
+1.00061399E-0 -1.28002515E-06 +9.56951884E+01
+1.00059941E-0 
 +9.57584509E+01
+1.00053748E-0 -7.45439451E-07 +9.58605197E+01
+1.00055939E-0 
 +9.59399576E+01
+1.00054459E-0 -4.46094239E-07 +9.60600746E+01
+1.00055930E-0 
 +9.61319195E+01
+1.00058676E-0 -4.19422889E-07 +9.62259935E+01
+1.00053584E-0 
 +9.63157669E+01
+1.00059973E-0 -8.04215085E-07 +9.63949491E+01
+1.00056267E-0 
 +9.64751461E+01
+1.00055295E-0 -1.29062524E-06 +9.65675226E+01
+1.00059973E-0 
 +9.66517611E+01
+1.00057973E-0 -8.47034792E-07 +9.67512065E+01
+1.00058046E-0 
 +9.68444150E+01
+1.00058263E-0 -7.77459449E-07 +9.69223394E+01
+1.00060705E-0 
 +9.70053670E+01
+1.00060056E-0 -4.56810065E-07 +9.71066207E+01
+1.00057727E-0 
 +9.71939338E+01
+1.00058142E-0 -1.37088447E-06 +9.72854853E+01
+1.00059985E-0 
 +9.73653546E+01
+1.00064886E-0 -1.10892060E-06 +9.74742849E+01
+1.00063493E-0 
 +9.75460736E+01
+1.00060318E-0 -6.27854982E-07 +9.76450883E+01
+1.00056102E-0 
 +9.77327088E+01
+1.00054618E-0 -8.04303313E-07 +9.78242777E+01
+1.00066564E-0 
 +9.79219236E+01
+1.00060157E-0 -2.00689325E-06 +9.80256240E+01
+1.00061327E-0 
 +9.81307955E+01
+1.00059607E-0 -9.91265841E-07 +9.82077523E+01
+1.00052403E-0 
 +9.82951214E+01
+1.00052081E-0 -7.88203027E-07 +9.83860964E+01
+1.00053572E-0 
 +9.84887929E+01
+1.00055649E-0 -2.69606078E-07 +9.85995531E+01
+1.00053755E-0 
 +9.86686351E+01
+1.00054491E-0 +9.37142111E-08 +9.87805336E+01
+1.00051742E-0 
 +9.88804745E+01
+1.00058617E-0 -7.98900758E-07 +9.89926005E+01
+1.00055660E-0 
 +9.90933244E+01
+1.00056780E-0 -9.11136864E-07 +9.91933967E+01
+1.00050101E-0 
 +9.92800470E+01
+1.00054428E-0 -8.63031595E-07 +9.93947666E+01
+1.00049959E-0 
 +9.94833642E+01
+1.00051904E-0 -1.31204640E-06 +9.96159871E+01
+1.00048468E-0 
 +9.97317562E+01
+1.00054238E-0 -1.49905009E-06 +9.98571823E+01
+1.00057071E-0 
 +9.99757380E+01
+1.00051671E-0 -1.84979300E-08 +1.00083911E+02
+1.00049920E-0 
 +1.00192197E+02
+1.00049473E-0 -1.05013171E-06 +1.00346229E+02
+1.00052707E-0 
 +1.00464997E+02
+1.00049900E-0 -1.06608546E-06 +1.00606246E+02
+1.00048943E-0 
 +1.00724174E+02
+1.00051303E-0 -5.05934643E-08 +1.00883340E+02
+1.00047258E-0 
 +1.01025350E+02
+1.00055370E-0 -1.14805368E-07 +1.01192219E+02
+1.00050626E-0 
 +1.01317702E+02
+1.00050349E-0 -8.84403917E-07 +1.01490432E+02
+1.00043597E-0 
 +1.01642070E+02
+1.00049555E-0 -1.51517576E-06 +1.01804462E+02
+1.00049519E-0 
 +1.01955160E+02
+1.00051441E-0 +2.32714763E-07 +1.02134200E+02
+1.00050677E-0 
 +1.02267559E+02
+1.00050612E-0 +1.15143248E-07 +1.02442680E+02
+1.00053624E-0 
 +1.02602621E+02
+1.00055158E-0 +7.40430299E-07 +1.02778844E+02
+1.00054649E-0 
 +1.02912105E+02
+1.00050364E-0 +1.18410036E-06 +1.03083520E+02
+1.00051053E-0 
 +1.03203004E+02
+1.00052546E-0 +1.71321758E-06 +1.03380425E+02
+1.00055135E-0 
 +1.03494750E+02
+1.00052564E-0 +1.94846095E-06 +1.03683939E+02
+1.00053107E-0 
 +1.03821364E+02
+1.00056276E-0 +2.58985264E-06 +1.03975088E+02
+1.00056647E-0 
 +1.04098351E+02
+1.00055547E-0 +4.87740521E-06 +1.04274959E+02
+1.00051199E-0 
 +1.04395188E+02
+1.00057235E-0 +4.31094245E-06 +1.04552386E+02
+1.00054862E-0 
 +1.04681690E+02
+1.00054419E-0 +7.58197579E-06 +1.04852978E+02
+1.00060860E-0 
 +1.04991199E+02
+1.00055036E-0 +8.35171701E-06 +1.05122725E+02
+1.00053486E-0 
 +1.05257235E+02
+1.00053608E-0 +1.03452988E-05 +1.05422369E+02
+1.00055088E-0 
 +1.05543353E+02
+1.00053972E-0 +1.26436542E-05 +1.05699677E+02
+1.00058247E-0 
 +1.05832587E+02
+1.00057677E-0 +1.51079106E-05 +1.05989389E+02
+1.00054278E-0 
 +1.06120065E+02
+1.00061401E-0 +1.82932797E-05 +1.06269863E+02
+1.00053845E-0 
 +1.06407342E+02
+1.00059830E-0 +2.17195768E-05 +1.06534170E+02
+1.00052625E-0 
 +1.06664256E+02
+1.00054615E-0 +2.63430096E-05 +1.06807047E+02
+1.00055705E-0 
 +1.06935118E+02
+1.00057543E-0 +3.05919947E-05 +1.07092848E+02
+1.00056144E-0 
 +1.07201658E+02
+1.00057702E-0 +3.65518854E-05 +1.07348521E+02
+1.00053060E-0 
 +1.07471902E+02
+1.00053674E-0 +4.26664678E-05 +1.07614304E+02
+1.00055563E-0 
 +1.07725471E+02
+1.00055972E-0 +4.78828604E-05 +1.07880962E+02
+1.00058486E-0 
 +1.08009497E+02
+1.00057895E-0 +5.48369076E-05 +1.08158013E+02
+1.00054099E-0 
 +1.08266745E+02
+1.00059976E-0 +6.25173686E-05 +1.08406950E+02
+1.00056630E-0 
 +1.08524453E+02
+1.00058379E-0 +7.11655139E-05 +1.08662647E+02
+1.00062100E-0 
 +1.08785029E+02
+1.00058515E-0 +8.10868500E-05 +1.08918479E+02
+1.00051340E-0 
 +1.09045952E+02
+1.00052902E-0 +9.08676572E-05 +1.09164354E+02
+1.00056601E-0 
 +1.09295614E+02
+1.00054635E-0 +1.02258141E-04 +1.09433210E+02
+1.00058218E-0 
 +1.09548594E+02
+1.00056914E-0 +1.15305241E-04 +1.09692140E+02
+1.00059698E-0 
 +1.09792102E+02
+1.00056012E-0 +1.27827983E-04 +1.09918518E+02
+1.00053411E-0 
 +1.10035989E+02
+1.00058293E-0 +1.41329978E-04 +1.10193111E+02
+1.00055072E-0 
 +1.10293083E+02
+1.00056237E-0 +1.55888336E-04 +1.10427415E+02
+1.00051937E-0 
 +1.10535188E+02
+1.00051058E-0 +1.72222762E-04 +1.10656289E+02
+1.00049144E-0 
 +1.10765847E+02
+1.00051344E-0 +1.88295886E-04 +1.10907290E+02
+1.00055058E-0 
 +1.11031313E+02
+1.00054116E-0 +2.06474079E-04 +1.11139698E+02
+1.00051800E-0 
 +1.11278214E+02
+1.00053044E-0 +2.24138118E-04 +1.11387339E+02
+1.00056906E-0 
 +1.11496315E+02
+1.00051971E-0 +2.43242419E-04 +1.11625988E+02
+1.00060434E-0 
 +1.11744318E+02
+1.00057507E-0 +2.64094587E-04 +1.11867457E+02
+1.00057343E-0 
 +1.11966135E+02
+1.00054275E-0 +2.85232763E-04 +1.12094144E+02
+1.00051663E-0 
 +1.12191409E+02
+1.00055136E-0 +3.05660511E-04 +1.12312492E+02
+1.00051319E-0 
 +1.12422365E+02
+1.00057736E-0 +3.26199668E-04 +1.12550534E+02
+1.00055409E-0 
 +1.12661072E+02
+1.00051533E-0 +3.49542031E-04 +1.12777463E+02
+1.00052778E-0 
 +1.12890075E+02
+1.00049603E-0 +3.70073256E-04 +1.13007586E+02
+1.00052412E-0 
 +1.13131567E+02
+1.00048393E-0 +3.92065518E-04 +1.13233461E+02
+1.00049566E-0 
 +1.13331981E+02
+1.00051771E-0 +4.14088437E-04 +1.13460939E+02
+1.00045493E-0 
 +1.13538197E+02
+1.00050296E-0 +4.36262497E-04 +1.13674265E+02
+1.00046597E-0 
 +1.13755377E+02
+1.00046683E-0 +4.58714463E-04 +1.13875119E+02
+1.00050277E-0 
 +1.13979151E+02
+1.00048861E-0 +4.79641057E-04 +1.14080386E+02
+1.00049378E-0 
 +1.14188135E+02
+1.00044010E-0 +5.00819140E-04 +1.14288670E+02
+1.00046646E-0 
 +1.14391451E+02
+1.00049423E-0 +5.23164764E-04 +1.14524385E+02
+1.00046014E-0 
 +1.14605325E+02
+1.00047227E-0 +5.44608350E-04 +1.14719114E+02
+1.00048621E-0 
 +1.14819301E+02
+1.00049674E-0 +5.64895546E-04 +1.14937049E+02
+1.00051092E-0 
 +1.15026197E+02
+1.00046249E-0 +5.87602576E-04 +1.15130608E+02
+1.00051104E-0 
 +1.15233665E+02
+1.00049706E-0 +6.07913123E-04 +1.15335382E+02
+1.00050159E-0 
 +1.15441791E+02
+1.00050535E-0 +6.30140182E-04 +1.15547737E+02
+1.00050707E-0 
 +1.15645516E+02
+1.00052926E-0 +6.52601512E-04 +1.15752010E+02
+1.00048311E-0 
 +1.15841191E+02
+1.00051127E-0 +6.74264137E-04 +1.15957847E+02
+1.00050589E-0 
 +1.16056213E+02
+1.00048049E-0 +6.98048798E-04 +1.16161413E+02
+1.00051565E-0 
 +1.16252198E+02
+1.00049217E-0 +7.20493872E-04 +1.16361030E+02
+1.00047799E-0 
 +1.16447828E+02
+1.00048598E-0 +7.45743291E-04 +1.16575560E+02
+1.00047051E-0 
 +1.16664979E+02
+1.00051889E-0 +7.69889513E-04 +1.16768993E+02
+1.00052175E-0 
 +1.16864922E+02
+1.00053364E-0 +7.92957685E-04 +1.16982595E+02
+1.00055301E-0 
 +1.17068482E+02
+1.00050440E-0 +8.14878626E-04 +1.17166862E+02
+1.00048430E-0 
 +1.17264503E+02
+1.00049843E-0 +8.37601571E-04 +1.17368027E+02
+1.00050464E-0 
 +1.17468121E+02
+1.00044065E-0 +8.59357214E-04 +1.17587574E+02
+1.00049292E-0 
 +1.17666177E+02
+1.00050598E-0 +8.82203846E-04 +1.17777714E+02
+1.00053194E-0 
 +1.17867283E+02
+1.00049226E-0 +9.02415590E-04 +1.17970287E+02
+1.00050346E-0 
 +1.18060700E+02
+1.00050075E-0 +9.22181277E-04 +1.18148790E+02
+1.00046780E-0 
 +1.18242217E+02
+1.00048311E-0 +9.40504132E-04 +1.18350724E+02
+1.00046879E-0 
 +1.18433401E+02
+1.00055989E-0 +9.57659915E-04 +1.18543613E+02
+1.00051949E-0 
 +1.18638016E+02
+1.00053252E-0 +1.00178093E-03 +1.19117571E+02
+1.00052502E-0 
 +1.19207561E+02
+1.00048720E-0 +1.01424421E-03 +1.19309384E+02
+1.00051649E-0 
 +1.19407471E+02
+1.00049871E-0 +1.02687821E-03 +1.19502577E+02
+1.00056332E-0 
 +1.19590921E+02
+1.00057670E-0 +1.03815685E-03 +1.19705322E+02
+1.00053835E-0 
 +1.19775734E+02
+1.00057085E-0 +1.04990412E-03 +1.19888874E+02
+1.00056519E-0 
 +1.19970727E+02
+1.00058928E-0 +1.05963959E-03 +1.20090170E+02
+1.00054733E-0 
 +1.20171075E+02
+1.00053225E-0 +1.06823324E-03 +1.20267353E+02
+1.00053361E-0 
 +1.20356058E+02
+1.00055123E-0 +1.07762818E-03 +1.20457352E+02
+1.00055327E-0 
 +1.20557168E+02
+1.00057643E-0 +1.08539556E-03 +1.20660591E+02
+1.00057310E-0 
 +1.20732968E+02
+1.00057364E-0 +1.09339843E-03 +1.20856467E+02
+1.00058176E-0 
 +1.20955134E+02
+1.00052063E-0 +1.09977968E-03 +1.21049678E+02
+1.00060424E-0 
 +1.21155041E+02
+1.00053178E-0 +1.10627004E-03 +1.21248659E+02
+1.00056752E-0 
 +1.21341501E+02
+1.00053146E-0 +1.11328797E-03 +1.21454650E+02
+1.00055829E-0 
 +1.21531071E+02
+1.00057845E-0 +1.11958913E-03 +1.21653527E+02
+1.00051612E-0 
 +1.21710308E+02
+1.00058673E-0 +1.12545918E-03 +1.21830602E+02
+1.00053950E-0 
 +1.21924330E+02
+1.00062422E-0 +1.13048906E-03 +1.22012068E+02
+1.00060961E-0 
 +1.22084723E+02
+1.00064365E-0 +1.13552171E-03 +1.22196529E+02
+1.00058061E-0 
 +1.22279339E+02
+1.00056636E-0 +1.14003309E-03 +1.22373304E+02
+1.00058406E-0 
 +1.22464571E+02
+1.00059561E-0 +1.15297259E-03 +1.22847034E+02
+1.00054236E-0 
 +1.22904117E+02
+1.00053883E-0 +1.15650850E-03 +1.23027915E+02
+1.00052638E-0 
 +1.23099635E+02
+1.00048808E-0 +1.15985904E-03 +1.23204131E+02
+1.00049825E-0 
 +1.23288812E+02
+1.00050420E-0 +1.16414423E-03 +1.23359694E+02
+1.00053001E-0 
 +1.23476448E+02
+1.00052832E-0 +1.16763667E-03 +1.23546508E+02
+1.00050259E-0 
 +1.23618057E+02
+1.00050016E-0 +1.17109586E-03 +1.23725583E+02
+1.00049852E-0 
 +1.23813383E+02
+1.00052670E-0 +1.17524776E-03 +1.23900797E+02
+1.00049723E-0 
 +1.23981035E+02
+1.00050228E-0 +1.17921718E-03 +1.24079135E+02
+1.00045745E-0 
 +1.24163846E+02
+1.00050272E-0 +1.18184826E-03 +1.24268450E+02
+1.00052304E-0 
 +1.24333515E+02
+1.00052633E-0 +1.18479173E-03 +1.24422719E+02
+1.00056673E-0 
 +1.24509402E+02
+1.00057373E-0 +1.18803885E-03 +1.24612167E+02
+1.00054544E-0 
 +1.24687920E+02
+1.00056924E-0 +1.18998625E-03 +1.24797347E+02
+1.00062508E-0 
 +1.24863454E+02
+1.00051219E-0 +1.19410162E-03 +1.24962156E+02
+1.00050627E-0 
 +1.25052033E+02
+1.00056849E-0 +1.19500042E-03 +1.25129919E+02
+1.00051164E-0 
 +1.25211167E+02
+1.00048989E-0 +1.19831285E-03 +1.25304507E+02
+1.00051845E-0 
 +1.25367798E+02
+1.00047636E-0 +1.20168193E-03 +1.25480794E+02
+1.00048968E-0 
 +1.25554494E+02
+1.00053905E-0 +1.20420045E-03 +1.25649605E+02
+1.00054781E-0 
 +1.25714709E+02
+1.00058497E-0 +1.20771426E-03 +1.25821884E+02
+1.00056201E-0 
 +1.25885585E+02
+1.00057922E-0 +1.20892730E-03 +1.25987751E+02
+1.00053632E-0 
 +1.26070689E+02
+1.00049827E-0 +1.21187318E-03 +1.26164312E+02
+1.00055982E-0 
 +1.26236396E+02
+1.00055682E-0 +1.21450456E-03 +1.26327150E+02
+1.00058720E-0 
 +1.26391124E+02
+1.00059812E-0 +1.21679798E-03 +1.26482753E+02
+1.00059965E-0 
 +1.26572220E+02
+1.00056040E-0 +1.21871915E-03 +1.26661639E+02
+1.00060670E-0 
 +1.26730674E+02
+1.00058547E-0 +1.22186679E-03 +1.26835145E+02
+1.00051503E-0 
 +1.26913148E+02
+1.00057702E-0 +1.22274196E-03 +1.27010323E+02
+1.00053947E-0 
 +1.27095019E+02
+1.00044647E-0 +1.22596254E-03 +1.27183992E+02
+1.00043182E-0 
 +1.27261117E+02
+1.00045598E-0 +1.22718250E-03 +1.27356785E+02
+1.00055635E-0 
 +1.27439833E+02
+1.00051658E-0 +1.23031397E-03 +1.27520022E+02
+1.00049990E-0 
 +1.27596153E+02
+1.00054397E-0 +1.23214575E-03 +1.27694085E+02
+1.00053040E-0 
 +1.27773417E+02
+1.00051248E-0 +1.23410845E-03 +1.27853759E+02
+1.00054437E-0 
 +1.27938225E+02
+1.00055233E-0 +1.23641846E-03 +1.28034582E+02
+1.00051547E-0 
 +1.28114851E+02
+1.00050122E-0 +1.23844472E-03 +1.28190484E+02
+1.00054049E-0 
 +1.28286944E+02
+1.00053119E-0 +1.23984560E-03 +1.28381643E+02
+1.00054764E-0 
 +1.28470438E+02
+1.00053484E-0 +1.24159463E-03 +1.28547962E+02
+1.00055657E-0 
 +1.28629421E+02
+1.00054851E-0 +1.24392392E-03 +1.28712591E+02
+1.00059353E-0 
 +1.28792729E+02
+1.00048870E-0 +1.24471472E-03 +1.28889809E+02
+1.00054703E-0 
 +1.28954308E+02
+1.00057482E-0 +1.24703577E-03 +1.29057266E+02
+1.00056024E-0 
 +1.29140475E+02
+1.00051065E-0 +1.24897942E-03 +1.29230339E+02
+1.00056092E-0 
 +1.29315948E+02
+1.00049331E-0 +1.25110757E-03 +1.29406971E+02
+1.00054999E-0 
 +1.29458037E+02
+1.00059495E-0 +1.25270611E-03 +1.29570827E+02
+1.00056161E-0 
 +1.29659033E+02
+1.00053707E-0 +1.25344971E-03 +1.29726467E+02
+1.00054997E-0 
 +1.29815950E+02
+1.00058287E-0 +1.25623858E-03 +1.29889796E+02
+1.00053008E-0 
 +1.29988944E+02
+1.00052622E-0 +1.25798911E-03 +1.30080108E+02
+1.00054065E-0 
 +1.30138167E+02
+1.00051201E-0 +1.25881572E-03 +1.30234836E+02
+1.00054143E-0 
 +1.30310425E+02
+1.00051330E-0 +1.26071992E-03 +1.30404946E+02
+1.00050480E-0 
 +1.30479493E+02
+1.00051005E-0 +1.26239475E-03 +1.30585788E+02
+1.00057580E-0 
 +1.30644107E+02
+1.00051452E-0 +1.26541694E-03 +1.30725178E+02
+1.00052557E-0 
 +1.30815013E+02
+1.00051226E-0 +1.26606766E-03 +1.30887121E+02
+1.00059740E-0 
 +1.30970973E+02
+1.00060443E-0 +1.26709245E-03 +1.31061520E+02
+1.00058464E-0 
 +1.31123982E+02
+1.00059271E-0 +1.26951832E-03 +1.31210203E+02
+1.00054811E-0 
 +1.31294260E+02
+1.00054775E-0 +1.27077935E-03 +1.31375548E+02
+1.00059677E-0 
 +1.31436831E+02
+1.00060055E-0 +1.27291328E-03 +1.31538929E+02
+1.00059847E-0 
 +1.31612621E+02
+1.00057175E-0 +1.27460719E-03 +1.31697880E+02
+1.00059321E-0 
 +1.31760467E+02
+1.00062057E-0 +1.27581166E-03 +1.31850871E+02
+1.00053938E-0 
 +1.31928991E+02
+1.00054415E-0 +1.27817871E-03 +1.32022475E+02
+1.00052857E-0 
 +1.32094091E+02
+1.00060076E-0 +1.27844670E-03 +1.32185396E+02
+1.00062138E-0 
 +1.32241836E+02
+1.00051408E-0 +1.28044822E-03 +1.32343880E+02
+1.00055968E-0 
 +1.32417144E+02
+1.00048930E-0 +1.28140706E-03 +1.32513181E+02
+1.00055208E-0 
 +1.32590795E+02
+1.00051967E-0 +1.28261219E-03 +1.32667319E+02
+1.00050705E-0 
 +1.32729060E+02
+1.00047562E-0 +1.28460719E-03 +1.32827032E+02
+1.00054945E-0 
 +1.32906946E+02
+1.00050836E-0 +1.28605926E-03 +1.32985638E+02
+1.00045145E-0 
 +1.33046472E+02
+1.00052624E-0 +1.28679208E-03 +1.33146348E+02
+1.00052309E-0 
 +1.33189013E+02
+1.00051754E-0 +1.28901730E-03 +1.33309895E+02
+1.00054576E-0 
 +1.33363782E+02
+1.00049102E-0 +1.29010278E-03 +1.33436660E+02
+1.00048206E-0 
 +1.33508784E+02
+1.00053521E-0 +1.29223620E-03 +1.33599699E+02
+1.00050023E-0 
 +1.33667422E+02
+1.00047904E-0 +1.29283348E-03 +1.33750231E+02
+1.00047061E-0 
 +1.33804780E+02
+1.00048892E-0 +1.29427343E-03 +1.33896498E+02
+1.00048308E-0 
 +1.33950499E+02
+1.00049433E-0 +1.29571681E-03 +1.34039891E+02
+1.00047462E-0 
 +1.34115806E+02
+1.00047629E-0 +1.29670492E-03 +1.34177470E+02
+1.00047843E-0 
 +1.34275842E+02
+1.00054935E-0 +1.29827948E-03 +1.34336119E+02
+1.00047011E-0 
 +1.34398058E+02
+1.00047499E-0 +1.29919489E-03 +1.34486932E+02
+1.00045332E-0 
 +1.34561834E+02
+1.00049821E-0 +1.30079598E-03 +1.34639148E+02
+1.00055673E-0 
 +1.34697101E+02
+1.00053722E-0 +1.30222929E-03 +1.34779729E+02
+1.00052484E-0 
 +1.34859104E+02
+1.00052039E-0 +1.30269228E-03 +1.34923541E+02
+1.00054937E-0 
 +1.34986586E+02
+1.00050177E-0 +1.30383123E-03 +1.35073923E+02
+1.00043750E-0 
 +1.35148504E+02
+1.00048878E-0 +1.30529043E-03 +1.35220683E+02
+1.00046162E-0 
 +1.35290952E+02
+1.00046434E-0 +1.30596494E-03 +1.35358890E+02
+1.00042651E-0 
 +1.35435961E+02
+1.00048023E-0 +1.30786920E-03 +1.35514962E+02
+1.00054142E-0 
 +1.35575953E+02
+1.00051329E-0 +1.30915047E-03 +1.35658922E+02
+1.00046500E-0 
 +1.35726285E+02
+1.00046495E-0 +1.31051944E-03 +1.35800093E+02
+1.00047418E-0 
 +1.35861219E+02
+1.00049530E-0 +1.31210150E-03 +1.35955212E+02
+1.00049645E-0 
 +1.36014660E+02
+1.00045649E-0 +1.31366334E-03 +1.36085555E+02
+1.00048391E-0 
 +1.36172196E+02
+1.00047740E-0 +1.31427066E-03 +1.36229764E+02
+1.00050554E-0 
 +1.36297405E+02
+1.00053189E-0 +1.31579097E-03 +1.36386607E+02
+1.00049102E-0 
 +1.36452795E+02
+1.00054617E-0 +1.31721689E-03 +1.36532512E+02
+1.00051601E-0 
 +1.36599398E+02
+1.00050711E-0 +1.31834494E-03 +1.36668237E+02
+1.00055616E-0 
 +1.36742567E+02
+1.00048545E-0 +1.31882953E-03 +1.36815743E+02
+1.00052774E-0 
 +1.36881156E+02
+1.00052436E-0 +1.32063823E-03 +1.36954198E+02
+1.00053214E-0 
 +1.37025315E+02
+1.00054492E-0 +1.32116275E-03 +1.37101575E+02
+1.00050151E-0 
 +1.37180053E+02
+1.00053426E-0 +1.32319456E-03 +1.37261214E+02
+1.00050017E-0 
 +1.37311031E+02
+1.00049076E-0 +1.32329483E-03 +1.37407593E+02
+1.00050295E-0 
 +1.37462270E+02
+1.00051973E-0 +1.32503777E-03 +1.37542161E+02
+1.00048367E-0 
 +1.37595355E+02
+1.00042234E-0 +1.32623367E-03 +1.37696772E+02
+1.00053099E-0 
 +1.37763082E+02
+1.00048296E-0 +1.32797739E-03 +1.37835980E+02
+1.00045088E-0 
 +1.37904201E+02
+1.00045408E-0 +1.32822304E-03 +1.37968548E+02
+1.00042453E-0 
 +1.38044795E+02
+1.00049382E-0 +1.32952395E-03 +1.38118128E+02
+1.00048855E-0 
 +1.38189650E+02
+1.00053006E-0 +1.33023701E-03 +1.38276511E+02
+1.00049375E-0 
 +1.38315144E+02
+1.00050175E-0 +1.33243046E-03 +1.38396982E+02
+1.00052039E-0 
 +1.38465983E+02
+1.00054159E-0 +1.33276501E-03 +1.38540347E+02
+1.00043820E-0 
 +1.38608679E+02
+1.00050119E-0 +1.33466753E-03 +1.38691597E+02
+1.00045231E-0 
 +1.38745620E+02
+1.00050314E-0 +1.33576531E-03 +1.38829809E+02
+1.00052922E-0 
 +1.38877467E+02
+1.00053102E-0 +1.33669765E-03 +1.38962183E+02
+1.00048928E-0 
 +1.39033476E+02
+1.00053164E-0 +1.33759236E-03 +1.39108957E+02
+1.00052594E-0 
 +1.39160849E+02
+1.00053995E-0 +1.33883709E-03 +1.39249296E+02
+1.00047112E-0 
 +1.39315428E+02
+1.00046900E-0 +1.33958224E-03 +1.39375252E+02
+1.00043687E-0 
 +1.39467358E+02
+1.00054185E-0 +1.34107055E-03 +1.39527190E+02
+1.00046768E-0 
 +1.39592562E+02
+1.00047010E-0 +1.34198036E-03 +1.39663829E+02
+1.00051719E-0 
 +1.39726094E+02
+1.00048312E-0 +1.34259386E-03 +1.39812262E+02
+1.00048237E-0 
 +1.39872957E+02
+1.00052578E-0 +1.34452744E-03 +1.39948679E+02
+1.00049317E-0 
 +1.40012762E+02
+1.00049032E-0 +1.34526799E-03 +1.40083916E+02
+1.00047357E-0 
 +1.40162843E+02
+1.00044182E-0 +1.34570433E-03 +1.40227152E+02
+1.00045931E-0 
 +1.40278791E+02
+1.00045853E-0 +1.34696009E-03 +1.40379947E+02
+1.00048178E-0 
 +1.40442246E+02
+1.00050861E-0 +1.34829868E-03 +1.40514241E+02
+1.00052103E-0 
 +1.40573938E+02
+1.00050483E-0 +1.35016316E-03 +1.40656998E+02
+1.00052940E-0 
 +1.40711520E+02
+1.00053243E-0 +1.35028334E-03 +1.40799308E+02
+1.00054509E-0 
 +1.40853587E+02
+1.00054174E-0 +1.35130069E-03 +1.40937486E+02
+1.00055225E-0 
 +1.40989905E+02
+1.00054215E-0 +1.35190643E-03 +1.41069111E+02
+1.00048851E-0 
 +1.41138194E+02
+1.00053589E-0 +1.35382771E-03 +1.41218062E+02
+1.00052774E-0 
 +1.41279493E+02
+1.00048768E-0 +1.35478231E-03 +1.41351741E+02
+1.00053968E-0 
 +1.41408526E+02
+1.00052254E-0 +1.35533028E-03 +1.41491389E+02
+1.00050182E-0 
 +1.41570691E+02
+1.00054186E-0 +1.35655448E-03 +1.41643972E+02
+1.00053791E-0 
 +1.41699543E+02
+1.00047597E-0 +1.35764368E-03 +1.41775972E+02
+1.00052294E-0 
 +1.41823455E+02
+1.00057588E-0 +1.35915846E-03 +1.41903645E+02
+1.00049705E-0 
 +1.41964007E+02
+1.00049572E-0 +1.35960137E-03 +1.42051851E+02
+1.00048307E-0 
 +1.42102441E+02
+1.00047028E-0 +1.35995187E-03 +1.42188860E+02
+1.00048099E-0 
 +1.42239756E+02
+1.00050598E-0 +1.36172967E-03 +1.42334928E+02
+1.00050847E-0 
 +1.42380967E+02
+1.00051537E-0 +1.36280863E-03 +1.42476671E+02
+1.00044480E-0 
 +1.42516110E+02
+1.00051604E-0 +1.36269274E-03 +1.42614748E+02
+1.00052162E-0 
 +1.42669464E+02
+1.00046052E-0 +1.36472290E-03 +1.42739453E+02
+1.00047559E-0 
 +1.42814086E+02
+1.00045961E-0 +1.36560765E-03 +1.42891619E+02
+1.00045910E-0 
 +1.42940471E+02
+1.00050630E-0 +1.36663716E-03 +1.43027236E+02
+1.00048352E-0 
 +1.43076721E+02
+1.00046162E-0 +1.36854579E-03 +1.43158995E+02
+1.00043565E-0 
 +1.43216891E+02
+1.00041922E-0 +1.36828083E-03 +1.43289914E+02
+1.00046268E-0 
 +1.43348426E+02
+1.00046642E-0 +1.37043552E-03 +1.43420940E+02
+1.00046777E-0 
 +1.43468272E+02
+1.00045868E-0 +1.37054949E-03 +1.43550727E+02
+1.00045729E-0 
 +1.43607684E+02
+1.00050484E-0 +1.37077224E-03 +1.43673465E+02
+1.00051353E-0 +1.37129431E-03 +1.43737668E+02
+1.00047973E-0 
 +1.43798157E+02
+1.00043544E-0 +1.37275590E-03 +1.43871373E+02
+1.00050843E-0 
 +1.43930122E+02
+1.00044914E-0 +1.37451333E-03 +1.43989013E+02
+1.00048982E-0 
 +1.44050912E+02
+1.00049526E-0 +1.37476319E-03 +1.44132381E+02
+1.00047790E-0 
 +1.44183088E+02
+1.00048847E-0 +1.37671907E-03 +1.44253684E+02
+1.00048158E-0 
 +1.44326217E+02
+1.00051199E-0 +1.37724614E-03 +1.44377174E+02
+1.00050355E-0 
 +1.44446629E+02
+1.00049200E-0 +1.37753460E-03 +1.44512303E+02
+1.00048142E-0 
 +1.44568706E+02
+1.00043409E-0 +1.37879691E-03 +1.44645051E+02
+1.00046375E-0 
 +1.44704602E+02
+1.00050787E-0 +1.38033298E-03 +1.44780610E+02
+1.00046949E-0 
 +1.44831100E+02
+1.00048237E-0 +1.38078272E-03 +1.44917115E+02
